0
0
0
0
0
0
0
0
0
0
276
0
0
0
0
0
0
0
1
0
1
0
0
0
0
0
0
0
0
0
0
0
0
0
0
0
1
1
1
0
3
4
6
16
8
10
8
14
11
23
17
11
22
22
16
23
52
35
38
39
42
46
38
43
46
56
46
45
62
44
51
53
60
48
45
45
61
34
38
24
52
40
39
30
30
26
33
24
14
25
13
25
14
3
5
3
6
499
156
128
253
1055
114
234
87
762
14
472
484
346
423
751
173
156
276
711
419
318
480
266
286
312
305
11
345
330
450
180
100
100
21
63
61
0
0
0
0
0
0
0
0
0
0
0
0
0
0
0
0
0
0
1
0
0
0
0
0
1
2
1
0
2
3
3
0
1
3
4
7
0
3
5
6
3
1
2
7
5
1
5
2
5
1
1
3
3
3
6
4
0
5
5
2
2
27
8
41
78
253
61
183
228
457
152
286
177
505
267
347
384
320
404
543
565
431
631
622
551
458
559
497
359
375
399
387
409
566
320
225
336
327
466
282
124
112
73
88
67
78
23
29
29
33
22
5
3
2
1
0
2
3
0
0
0
0
0
0
0
0
0
0
0
0
0
0
0
247
0
0
0
0
2
0
0
0
0
0
0
0
0
0
0
0
0
0
0
0
0
0
0
0
0
0
1
1
2
2
5
2
6
3
4
4
16
12
21
12
18
30
24
33
37
36
31
58
50
50
56
49
48
40
66
47
50
56
64
77
38
47
43
59
53
59
42
46
37
42
33
29
29
29
19
20
35
12
5
11
18
12
9
3
4
6
441
146
223
291
668
115
250
240
448
8
755
733
539
838
658
487
258
610
1106
607
405
471
299
389
401
216
19
431
272
448
206
71
79
10
49
50
0
0
0
0
0
0
0
0
0
0
0
2
0
0
0
0
1
0
0
1
0
1
0
0
0
0
1
2
2
1
3
3
3
2
0
1
4
3
5
3
5
5
2
1
5
3
3
2
2
5
0
4
2
2
1
4
1
3
2
2
0
30
15
51
109
263
62
239
265
312
133
244
240
370
311
310
324
316
576
507
522
468
803
661
474
468
548
504
405
423
392
303
317
391
254
171
291
278
372
267
118
115
94
93
67
57
34
32
34
37
19
10
7
6
1
6
0
1
0
0
0
0
0
85
0
0
0
0
0
0
0
0
0
170
0
0
0
0
0
0
0
0
0
1
0
0
0
0
0
0
0
0
0
0
0
0
1
0
0
0
2
2
0
1
5
7
10
3
11
7
8
12
12
12
12
12
21
18
27
30
30
42
48
27
44
34
38
42
51
34
42
57
50
48
51
46
32
56
57
54
48
33
50
31
29
31
34
21
28
23
20
13
19
13
12
6
9
5
3
1
513
76
104
292
1020
119
217
98
728
11
544
469
310
329
768
249
250
357
602
464
476
381
198
310
357
218
16
289
311
470
205
75
80
14
38
43
0
0
0
0
0
0
0
1
0
0
0
0
0
0
0
0
0
0
1
0
1
1
2
0
0
1
7
1
3
1
3
1
3
0
2
5
6
2
2
3
2
4
0
4
6
1
4
4
2
4
0
1
0
2
4
1
1
3
4
1
0
42
9
38
67
357
123
208
163
447
135
201
180
380
219
361
412
428
419
600
565
419
676
677
489
528
531
524
291
438
556
540
491
524
293
229
411
365
480
318
139
108
81
86
80
66
26
31
34
38
13
5
5
5
5
7
0
0
0
0
0
0
0
0
0
0
0
0
0
0
0
0
0
215
0
0
0
0
0
0
0
0
0
0
0
0
0
0
0
0
0
0
0
0
0
0
0
0
0
2
1
0
2
1
2
0
3
6
8
4
10
14
22
20
13
14
23
20
28
49
26
45
54
34
46
54
50
44
44
53
43
57
59
46
54
56
40
53
52
52
48
33
36
48
37
31
42
28
30
29
31
8
15
18
20
13
9
7
6
4
380
203
264
241
754
122
198
141
393
9
739
608
574
881
656
405
181
584
1049
553
289
618
271
281
424
338
14
320
259
517
220
56
95
5
41
29
0
0
0
0
0
0
0
0
0
0
0
1
0
0
2
0
1
0
0
0
1
1
2
1
1
2
0
2
4
6
3
2
8
4
7
2
2
3
2
7
2
4
2
0
4
2
7
3
2
2
1
2
3
5
2
2
7
2
1
2
0
35
16
41
105
248
97
269
311
395
147
257
257
338
271
299
264
327
679
637
721
467
924
723
681
492
535
514
379
322
325
366
455
395
335
222
307
316
453
257
100
96
68
83
101
62
22
47
35
44
20
3
2
1
7
6
2
0
0
0
0
0
0
