302
256
321
287
290
257
300
300
313
342
270
312
296
313
295
315
304
330
288
307
280
302
320
321
284
272
310
285
279
319
335
315
313
300
279
312
307
310
308
277
338
318
305
314
310
297
298
287
301
301
297
303
305
301
308
326
282
326
292
331
298
294
295
288
329
332
297
295
324
286
322
306
304
331
303
347
285
289
283
306
318
317
299
305
286
314
308
286
297
285
355
274
301
338
339
302
298
301
284
341
300
279
316
301
298
327
310
305
306
291
314
284
293
312
315
316
299
307
294
307
289
319
298
283
302
313
272
317
289
295
286
310
302
293
296
316
328
292
317
273
306
324
294
301
319
297
325
301
304
325
304
306
316
314
299
310
341
308
318
336
343
324
297
316
289
319
307
303
311
287
308
287
295
332
321
312
277
339
283
293
328
311
274
303
325
305
305
268
289
274
317
300
335
304
313
307
336
323
341
304
310
311
293
310
293
317
310
297
300
305
282
277
275
279
323
300
309
262
317
317
276
333
280
324
304
325
293
289
322
290
332
350
322
281
324
291
311
306
334
321
301
319
296
332
307
317
290
298
324
280
321
297
328
293
331
302
310
324
285
325
299
337
316
299
318
293
299
297
294
303
301
278
306
318
307
314
314
302
301
303
303
317
323
285
322
311
312
298
267
292
299
307
297
292
287
297
296
337
289
288
316
277
293
303
300
290
339
318
304
290
303
266
343
297
288
322
299
302
298
298
289
309
333
320
258
287
353
318
301
319
311
324
296
326
295
326
317
332
339
277
320
292
283
286
359
275
314
330
294
289
295
327
305
305
276
315
326
304
303
252
304
302
297
302
293
320
297
314
306
320
307
292
291
