85
0
0
0
0
0
0
0
0
0
908
0
0
0
0
2
0
0
1
0
2
0
0
0
0
0
0
0
0
0
0
0
0
1
0
0
3
5
4
4
7
16
15
35
20
33
23
48
49
78
61
54
78
90
87
115
167
122
183
191
153
192
175
179
172
217
180
180
232
217
222
196
209
163
213
207
226
172
150
147
173
139
130
135
108
103
105
110
47
64
55
75
45
30
20
16
17
1833
581
719
1077
3497
470
899
566
2331
42
2510
2294
1769
2471
2833
1314
845
1827
3468
2043
1488
1950
1034
1266
1494
1077
60
1385
1172
1885
811
302
354
50
191
183
0
0
0
0
0
0
0
1
0
0
0
3
0
0
2
0
2
0
2
1
2
3
4
1
2
5
9
5
11
11
12
6
15
9
13
15
12
11
14
19
12
14
6
12
20
7
19
11
11
12
2
10
8
12
13
11
9
13
12
7
2
134
48
171
359
1121
343
899
967
1611
567
988
854
1593
1068
1317
1384
1391
2078
2287
2373
1785
3034
2683
2195
1946
2173
2039
1434
1558
1672
1596
1672
1876
1202
847
1345
1286
1771
1124
481
431
316
350
315
263
105
139
132
152
74
23
17
14
14
19
4
4
0
0
0
0
0
