569
557
543
570
558
587
551
585
582
590
583
535
537
532
594
571
567
563
588
553
623
557
589
549
578
591
591
566
609
553
542
570
551
566
590
572
549
558
569
536
554
585
576
591
550
552
596
603
560
626
537
593
566
573
546
561
561
558
594
596
613
547
554
544
557
578
578
577
558
581
558
615
518
549
584
564
552
602
567
559
585
574
604
578
549
550
606
557
551
573
568
624
574
568
597
566
528
584
557
563
581
591
626
556
552
559
552
557
593
554
543
566
579
597
580
563
601
522
588
577
575
609
628
563
559
570
526
581
545
621
558
580
572
564
570
598
526
581
600
548
571
615
567
598
563
552
580
561
575
569
601
514
570
543
555
583
589
580
567
582
552
564
569
576
540
607
595
559
553
600
592
562
555
551
592
581
531
568
588
602
586
602
538
604
583
580
562
630
542
576
568
590
594
573
550
587
576
560
612
