310
346
362
367
384
427
455
439
485
495
542
500
485
503
512
519
527
454
504
543
527
529
508
488
482
455
472
464
462
459
413
416
362
386
374
361
361
318
287
302
261
267
243
230
223
235
218
209
206
192
203
186
169
201
171
171
148
201
176
191
172
221
196
220
202
214
184
202
222
204
196
220
217
194
227
203
199
219
204
213
216
220
206
220
212
205
181
199
211
196
235
216
208
225
205
254
215
271
251
275
251
299
333
335
340
360
379
381
372
429
435
440
479
477
484
441
487
522
517
551
600
551
593
569
604
611
597
601
588
571
586
578
561
527
586
504
524
512
505
462
446
417
425
415
372
397
360
367
375
298
338
295
307
276
312
260
246
259
243
235
262
249
257
241
261
260
277
246
234
246
277
264
291
266
283
276
291
294
291
281
305
286
299
282
268
250
246
232
196
261
245
227
243
216
219
209
209
180
216
202
181
178
174
179
164
202
196
207
212
205
199
213
214
240
220
242
256
265
273
272
308
337
300
326
314
321
313
350
352
347
344
387
344
353
378
372
351
401
370
361
347
335
354
358
317
368
335
339
326
371
302
321
289
312
307
287
263
289
263
260
283
286
297
293
289
320
321
317
320
347
346
335
317
322
345
343
339
368
378
381
373
384
379
369
397
394
415
375
344
378
338
326
376
336
361
325
320
311
292
298
262
251
235
208
235
225
221
197
207
205
172
179
167
181
159
169
176
170
152
170
159
165
171
195
202
184
183
163
210
191
214
193
200
210
212
218
224
231
253
222
237
239
209
200
218
217
236
214
239
200
195
242
212
263
207
227
218
227
233
233
227
222
225
267
257
270
281
295
315
296
325
317
344
