558
553
552
517
537
514
521
516
478
473
436
477
447
447
477
424
395
410
395
402
357
381
368
352
367
365
360
360
368
352
336
389
336
369
372
377
336
389
395
397
364
389
363
384
378
386
374
362
345
298
377
345
365
336
341
348
304
342
330
363
362
325
316
333
316
305
322
345
361
346
364
334
317
371
373
433
365
400
398
419
448
466
447
450
506
486
464
506
523
537
568
549
551
507
540
561
566
598
648
595
640
612
637
661
646
656
634
622
635
634
629
595
666
590
615
620
604
577
565
519
562
565
519
548
517
557
585
491
533
527
536
503
524
456
474
477
461
458
482
476
508
462
465
464
471
477
455
475
443
412
434
368
407
447
402
429
388
391
393
383
364
339
323
327
305
319
316
336
301
328
331
290
315
300
328
291
303
301
333
314
321
297
321
332
327
369
345
331
352
338
368
352
353
357
387
372
388
383
430
442
405
408
413
382
382
433
415
408
401
449
404
430
451
429
427
474
456
429
436
442
437
459
429
481
465
487
491
526
470
496
473
521
496
513
464
500
502
475
499
547
582
564
560
592
637
587
560
586
582
581
588
506
542
593
570
593
