17
11
19
17
12
4
9
8
7
7
6
9
9
6
13
11
13
10
10
17
14
24
19
17
26
19
40
32
37
43
44
55
50
57
68
65
64
75
87
97
82
97
88
113
112
140
145
149
137
119
163
153
159
149
160
181
164
175
189
190
220
183
190
204
176
176
184
186
197
181
199
160
155
181
169
198
138
162
150
136
129
145
128
100
101
117
87
87
89
86
81
66
58
48
47
32
41
36
30
31
36
18
20
25
14
14
12
10
9
10
9
6
6
9
7
7
4
2
5
2
7
1
10
3
5
2
9
6
10
10
12
10
24
12
14
16
24
21
24
33
41
41
31
36
32
47
45
43
55
61
51
50
72
66
76
64
74
73
91
88
94
76
87
95
92
87
97
103
95
108
113
93
111
111
112
105
106
101
108
109
107
82
101
102
75
107
78
85
85
64
101
57
72
55
56
48
53
52
52
52
43
26
44
23
34
36
26
23
16
18
11
27
16
11
11
12
15
12
5
10
5
8
7
7
3
8
6
5
5
7
7
10
4
12
4
10
9
12
8
12
8
12
8
11
20
10
16
26
11
17
22
13
21
22
27
37
27
44
42
40
40
41
40
38
30
45
46
54
45
44
62
44
53
50
59
65
55
67
73
49
65
55
61
48
65
67
49
58
52
58
65
55
51
54
56
43
44
50
47
37
50
31
44
33
40
32
33
33
41
20
30
25
22
34
24
29
23
29
26
28
29
26
30
25
33
33
29
33
28
30
39
25
25
21
37
33
32
32
24
32
42
27
28
18
22
19
27
17
22
21
18
20
13
15
13
20
12
15
12
16
20
20
14
15
13
14
19
21
20
20
27
31
25
27
30
24
27
31
22
27
32
42
37
30
38
46
35
34
40
37
37
29
36
44
46
28
40
37
34
33
45
28
34
35
38
19
32
21
34
32
27
41
30
31
32
50
32
44
30
52
43
56
57
51
68
66
81
66
82
69
91
75
84
81
119
100
112
100
107
98
109
114
106
100
108
103
91
100
85
98
95
76
84
76
83
71
75
70
58
45
42
45
36
34
39
24
30
29
22
18
22
20
21
13
14
12
9
16
16
9
9
16
11
14
15
8
22
23
19
16
14
13
13
12
21
14
23
24
18
20
20
21
16
24
21
20
20
23
20
27
17
19
22
29
26
24
36
33
36
40
47
37
47
63
49
71
77
104
86
84
102
107
98
115
127
127
145
162
158
186
164
172
185
205
189
214
206
221
193
235
225
234
215
229
220
221
207
206
177
174
161
136
169
154
151
161
137
129
100
111
82
113
83
76
62
59
50
40
39
47
32
30
33
26
18
24
20
23
16
10
13
10
11
11
8
7
12
7
5
9
12
18
8
11
8
13
14
12
10
11
19
11
15
24
18
21
24
35
31
32
37
44
53
61
69
75
75
91
98
103
109
97
134
143
148
155
169
195
210
225
227
238
277
271
266
257
272
299
285
279
312
333
342
327
342
335
342
361
353
365
330
308
330
282
286
327
286
310
277
281
257
234
228
216
195
170
157
162
149
155
116
125
113
102
88
76
77
61
63
55
39
31
34
27
24
19
24
11
8
11
11
9
6
8
11
5
6
6
7
5
9
6
11
6
11
13
8
16
13
17
18
33
28
31
46
36
57
56
62
60
90
101
89
98
118
121
153
162
183
188
210
231
227
260
266
297
273
298
319
327
344
384
424
412
455
466
514
478
466
477
494
494
505
441
475
515
499
510
492
469
465
436
449
436
436
430
394
384
337
351
344
326
325
265
243
266
224
213
190
175
149
159
131
129
101
94
102
70
58
71
45
40
33
36
28
25
27
23
23
13
8
13
9
9
8
6
7
11
12
5
14
6
14
13
18
22
35
31
36
37
38
42
61
63
69
87
99
102
103
115
116
136
145
187
186
207
198
240
276
278
287
311
351
335
344
392
400
414
452
455
463
425
461
497
502
536
586
533
577
555
587
599
588
587
577
565
576
566
548
507
571
486
506
491
477
445
421
396
394
390
339
363
311
318
329
230
258
233
212
188
194
150
151
133
116
114
100
82
85
57
58
60
52
41
23
32
20
24
21
15
15
22
13
14
7
6
13
11
10
3
11
10
13
14
13
27
22
29
24
29
34
44
48
50
50
64
67
74
68
88
89
113
119
137
153
135
148
162
170
187
185
199
230
242
244
250
286
313
276
306
300
301
298
336
340
334
328
374
335
343
367
364
337
386
358
344
327
319
334
337
288
344
300
301
291
319
240
250
217
228
207
188
173
179
161
124
126
137
127
116
79
95
83
78
62
59
56
50
41
29
26
29
27
27
