554
435
454
426
410
383
357
338
356
324
293
270
322
304
248
260
254
247
248
222
254
213
238
220
236
216
242
257
280
257
291
277
309
301
290
337
375
372
387
414
449
463
484
503
508
568
585
594
575
621
643
653
693
712
744
788
811
801
815
861
896
886
926
915
885
868
872
904
962
946
1025
937
993
947
995
992
976
953
883
907
920
886
877
807
907
803
817
814
786
785
712
692
693
643
579
629
569
597
579
501
495
451
470
428
464
370
389
364
350
314
332
286
279
235
272
255
222
243
212
226
215
214
199
199
192
238
201
247
234
272
262
250
279
277
299
300
326
337
370
395
424
460
437
482
506
531
536
603
594
614
592
667
650
705
713
805
775
850
851
882
831
833
834
841
881
893
853
913
937
921
954
949
869
923
873
879
847
893
882
829
814
840
786
799
790
802
698
751
730
690
646
622
624
591
550
591
558
525
521
